01001000100101010011001001110101000010100101010100101011010110001011000101101010
11100101111010011001100000101010011000101011000101010011001001001010110011010111
10110100010011101011010101001011000001010100110101010100101001010100111010100001
01010010111001011100101111010011001010100110110011011101010100111000011100101001
11011001101011000111010011101101100000110100010011001010100111100011011101001110
11000001100010111101010011001010100111110010101001100010100101011111101100000101
01001100110100110010101001111010110000010010100000001100000111010011010100000101
01010011110001101110100111011000001100010111101010011001010100100101000001010101
00111110010101000001001001010110011011000001010100111001011000001101000110000000
01101110100001000110111010011101100000110001011110101001100101010011111001010100
00101010010100000001100000101010010100101011000101100010110101011100101111010011
00110000011101000011001011000101010011000101110010110000010101001101000101100000
00101001100101010000010011110101011000110111010110100000101010100100111010100001
01010011000101110010110000010101000010101100000000010110001011000001101000101000
01010100000010111111010011000011101110100001100111001011000001010100101001010110
00111101010110101100000101000010101000010101001110111101011110101011000001010000
01010101001011110100110010101001100010111001011000001010100110100010011100000001
10000011010000000101001110101101011000001110100110101011010001100000101010010011
00101100011011101010000101001010101001011110110100010011101011010110000000001010
10100100111010100001010100110001011100101100000101010000001011000001100010110001
01001110101000010100101010100000010110111010100000001101110100001100111001011000
00100111011010001010100110100011000000100001111010110000000010011000101001110101
10001010000000010101010010110001010000101010011000101110010110000010101000000101
11001010011101100110110011011000001101000100111010100001010010101010000101010010
10000000110000000001011101001101010111101000101010010101001100000010101010011110
10100111010100001010010110000011010001010100100111010100001010100110001011100101
10000010101001011010110000001001011000101110010101010010110000100001010100110011
01001100101010011100101100000100101011010001100010001110111010000110011100101100
00010101000100001111010101100010010101100010100111010100001010010101010011100101
10000010010101101000110001010101001010010110100010110000010101001110101000010100
10101010010011101010000101010011000101110010110000010101000000101111010110111010
11010101001011000001110100100100000101010010101001100000010101010011110101100000
10011100000101101110110100011000001111010100110010101001101110101000010110101100
00011010001010100110001011100101100000101010000101010010101100010110000011010000
00110111010011111001010000101010011000101110010110000010101001010010110000010100
00110001011110101100000101010000101010010100000001100000000010101010010110000100
00101010011001001001010110011010111101101000100111010110101010010110000011101001
11110010101000010101011000110111011110101011010101010010111101100000101010010010
10101010000101010010101100010110000011010001010100010010111101010010101010000110
00100101001110100001100111001010010101100010101010001001010110001011000111101010
10100110111010100001011010110000011010001010100110001011100101100000101010000001
01110010100101010110101100000101010010110000100001010100110000011110101100110101
01001100010110100011000001100000000010111010001011010110001111010101101000001010
10100101000010110001100010101010000101010010101100010110000011010001010100101111
01101110110001010101001100010111001011000001010100110100010010101001110101000010
11110101100000101010101000100001101000101100011001101010100110001011100101100000
10101000000101111110100110000011011101001001000111001010010101100010110001011000
00110100011000001011010101010011000101011000101010001001010011101100000000100110
00000000101010100100101011001101011000101000010100101010100110001011100101100000
10101001011010110111000010011111100010101100000110000010110100000101110100111110
00000101010100110001011100101100000101010000001011000001011010100111011001101100
00010100001100010101010010110000100001010100100101010101001101000100101010011101
01000010111101011000001010101110011110101001110111111011000001010100101101011010
00110000010010101100110011000111010000110010110001010100000010110000011000001111
11010101001001010101010010110101101000110000010010101100110011000101010001101011
01110000010110001010101001100010101100010101000100101011000111101011000001010100
10010101010100101111010110001001010110001010101001101110010010000010110001011010
00110000010010101100110111010000110010110001010100001010111001011000001101000110
00001010100110001011100101100000101010010100101101000110000011000001010000101010
01010010110100010010100000100000101010100100111000001010101001100110101100011010
00110000010101000000001100000110100010110101001010101000011000100001101110100011
10011010001010100110001010110001010100111001010010100000001100000101010011000101
11001011000001010100101111010110001001010110001010101000100001101110111101011110
10100110010101001111010101100010010101011010110000010110101010100001010100111011
00010111001010101000000101100010100101011010001111010100111010100101110010110001
01110100110101010100001011010101010000001010011101010000101001010101001001010111
10101011000110111010110101010100100111010100001010100110001011100101100000101010
00000100100101111010110000010100001011010101100011010001010100101100001000010101
00000010110001010010101101000111101010011101010010111001011000100011101110100011
11011011101100010101010011111001010100000100100101010100001010000101100011000101
01010000001010011101010000101001010101001001010111101010110001101110101101011101
00001000110111010011101100000110001010100001100000000010000010101010010011100000
10101010011001101001100101010001000010010101101000110000000101011000001111010111
10101010100110011011011100000101001110000100000110111010010000000000011000001010
00010101000000101101110110011011001101100000110100010101001001110101000000001011
00000000100110001000001010101001110010110000010010100100101010100000010100111011
11010110000010100000001001100000101010001000010110001101000101010011001101100000
11101001001000100111011110101100000101000011000101010100100111000001010101001100
10010010101100110101111011010001001110101101010100101100000101010011000101011000
10100001001110101001011100101100010010100111010011101101100000110100010011001010
10011110001101110100111011000001100010111101010011001010100111110010101001100010
10010101111110110000010101001100110100110010101001111010110000010010100000001100
00011101001101010000010101010011110001101110100111011000001100010111101010011001
01010010010100000101010100111110010101000001001001010110011011000001010100111001
01100000110100011000000001101110100101011011000001010000110001011110101001100101
01001111100101010001000011110101001110000100111111010101001100110100110010101000
00010111101011000001100000000000110000000001011101001000101011000110001010101001
10000000000011000001010000101010010010101010100001010100111000001001001010101001
01100001000010101000001001111010101100011011101011010101010000101010011101111010
11110101010100111110010101001011110110100010011101010000101001010101001001010001
0101001010100110
